[gd_scene load_steps=14 format=2]

[ext_resource path="res://Spatial.gd" type="Script" id=1]
[ext_resource path="res://RightController.gd" type="Script" id=2]
[ext_resource path="res://LeftController.gd" type="Script" id=3]
[ext_resource path="res://assets/testPoolRoom/testPoolRoom.fbx" type="PackedScene" id=4]
[ext_resource path="res://assets/Oculus Touch for Quest 2/right_joy.tscn" type="PackedScene" id=5]
[ext_resource path="res://assets/Oculus Touch for Quest 2/left_joy.tscn" type="PackedScene" id=6]
[ext_resource path="res://assets/cueStick/cueStick.fbx" type="PackedScene" id=7]

[sub_resource type="CylinderShape" id=9]
radius = 0.00875282
height = 0.359951

[sub_resource type="SpatialMaterial" id=2]
albedo_color = Color( 0, 0, 0, 1 )

[sub_resource type="BoxShape" id=3]
extents = Vector3( 1.41116, 0.965757, 0.806488 )

[sub_resource type="VisualShader" id=6]
code = "shader_type spatial;
render_mode specular_schlick_ggx;




void vertex() {
// Output:0

}

void fragment() {
// Output:0

}

void light() {
// Output:0

}
"
graph_offset = Vector2( 35, 60 )

[sub_resource type="ShaderMaterial" id=7]
shader = SubResource( 6 )

[sub_resource type="SphereShape" id=8]
radius = 0.0371193

[node name="World" type="Spatial"]
script = ExtResource( 1 )
debug = false

[node name="World" type="Spatial" parent="."]

[node name="testPoolRoom" parent="World" instance=ExtResource( 4 )]
transform = Transform( 1, 0, 0, 0, 1, 0, 0, 0, 1, -0.10356, 0.0265717, 0.0262829 )

[node name="ARVROrigin" type="ARVROrigin" parent="."]
transform = Transform( 1, 0, 0, 0, 1, 0, 0, 0, 1, 0, 0.229113, 0 )

[node name="ARVRCamera" type="ARVRCamera" parent="ARVROrigin"]

[node name="LeftController" type="ARVRController" parent="ARVROrigin"]
visible = false
script = ExtResource( 3 )

[node name="leftJoy" parent="ARVROrigin/LeftController" instance=ExtResource( 6 )]
transform = Transform( -1, 0, -8.74228e-08, 0, 1, 0, 8.74228e-08, 0, -1, 0, 0, 0 )

[node name="RightController" type="ARVRController" parent="ARVROrigin"]
controller_id = 2
script = ExtResource( 2 )

[node name="rightJoy" parent="ARVROrigin/RightController" instance=ExtResource( 5 )]
transform = Transform( -1, 0, -8.74228e-08, 0, 1, 0, 8.74228e-08, 0, -1, 0, 0, 0 )

[node name="cueStick" parent="ARVROrigin/RightController" instance=ExtResource( 7 )]
transform = Transform( 0.878237, -0.184714, 0.441113, -0.216965, 0.668105, 0.711732, -0.426177, -0.720775, 0.546678, 0.287942, -1.02112, 1.15157 )

[node name="RigidBody" type="RigidBody" parent="ARVROrigin/RightController/cueStick"]
transform = Transform( 0.878236, -0.216964, -0.426177, -0.184714, 0.668105, -0.720775, 0.441114, 0.711732, 0.546678, 0.0163448, 1.56543, -0.0297879 )
contacts_reported = 1
contact_monitor = true

[node name="CollisionShape" type="CollisionShape" parent="ARVROrigin/RightController/cueStick/RigidBody"]
transform = Transform( 0.97145, -0.177726, 0.157158, -0.00095824, 0.659484, 0.751718, -0.237243, -0.730407, 0.640485, 0.0234871, -0.0761909, 0.13218 )
shape = SubResource( 9 )

[node name="CSGCylinder" type="CSGCylinder" parent="ARVROrigin/RightController"]
transform = Transform( 0.949916, -0.185489, 0.251503, -0.0668408, 0.665576, 0.743331, -0.305274, -0.722913, 0.619843, -0.00444317, 0.0366783, 0.010273 )
visible = false
radius = 0.00143231
height = 4.7472
sides = 19

[node name="CSGSphere" type="CSGSphere" parent="ARVROrigin/RightController"]
transform = Transform( 1, 0, 0, 0, 1, 0, 0, 0, 1, -0.00522995, 0.0439405, 0.00421476 )
visible = false
radius = 0.00547181
material = SubResource( 2 )

[node name="PoolTable" type="StaticBody" parent="."]
transform = Transform( 1, 0, 0, 0, 1, 0, 0, 0, 1, 0, 0, -0.0040558 )

[node name="CollisionShape" type="CollisionShape" parent="PoolTable"]
shape = SubResource( 3 )

[node name="RigidBody" type="RigidBody" parent="."]
transform = Transform( 1, 0, 0, 0, 1, 0, 0, 0, 1, 0, 2.58536, -0.0593269 )

[node name="CueBall" type="CSGSphere" parent="RigidBody"]
radius = 0.0369378
radial_segments = 64
material = SubResource( 7 )

[node name="CollisionShape" type="CollisionShape" parent="RigidBody"]
shape = SubResource( 8 )
